{
 "cells": [
  {
   "cell_type": "code",
   "execution_count": 17,
   "id": "8a8e8059",
   "metadata": {},
   "outputs": [],
   "source": [
    "import numpy as np\n",
    "import pandas as pd\n",
    "from sklearn.linear_model import LinearRegression\n",
    "from sklearn.utils import shuffle\n",
    "from sklearn.metrics import confusion_matrix\n",
    "import joblib\n",
    "\n"
   ]
  },
  {
   "cell_type": "code",
   "execution_count": 3,
   "id": "030d56c7",
   "metadata": {},
   "outputs": [
    {
     "data": {
      "text/html": [
       "<div>\n",
       "<style scoped>\n",
       "    .dataframe tbody tr th:only-of-type {\n",
       "        vertical-align: middle;\n",
       "    }\n",
       "\n",
       "    .dataframe tbody tr th {\n",
       "        vertical-align: top;\n",
       "    }\n",
       "\n",
       "    .dataframe thead th {\n",
       "        text-align: right;\n",
       "    }\n",
       "</style>\n",
       "<table border=\"1\" class=\"dataframe\">\n",
       "  <thead>\n",
       "    <tr style=\"text-align: right;\">\n",
       "      <th></th>\n",
       "      <th>school</th>\n",
       "      <th>sex</th>\n",
       "      <th>age</th>\n",
       "      <th>address</th>\n",
       "      <th>famsize</th>\n",
       "      <th>Pstatus</th>\n",
       "      <th>Medu</th>\n",
       "      <th>Fedu</th>\n",
       "      <th>Mjob</th>\n",
       "      <th>Fjob</th>\n",
       "      <th>...</th>\n",
       "      <th>famrel</th>\n",
       "      <th>freetime</th>\n",
       "      <th>goout</th>\n",
       "      <th>Dalc</th>\n",
       "      <th>Walc</th>\n",
       "      <th>health</th>\n",
       "      <th>absences</th>\n",
       "      <th>G1</th>\n",
       "      <th>G2</th>\n",
       "      <th>G3</th>\n",
       "    </tr>\n",
       "  </thead>\n",
       "  <tbody>\n",
       "    <tr>\n",
       "      <th>0</th>\n",
       "      <td>GP</td>\n",
       "      <td>F</td>\n",
       "      <td>18</td>\n",
       "      <td>U</td>\n",
       "      <td>GT3</td>\n",
       "      <td>A</td>\n",
       "      <td>4</td>\n",
       "      <td>4</td>\n",
       "      <td>at_home</td>\n",
       "      <td>teacher</td>\n",
       "      <td>...</td>\n",
       "      <td>4</td>\n",
       "      <td>3</td>\n",
       "      <td>4</td>\n",
       "      <td>1</td>\n",
       "      <td>1</td>\n",
       "      <td>3</td>\n",
       "      <td>6</td>\n",
       "      <td>5</td>\n",
       "      <td>6</td>\n",
       "      <td>6</td>\n",
       "    </tr>\n",
       "    <tr>\n",
       "      <th>1</th>\n",
       "      <td>GP</td>\n",
       "      <td>F</td>\n",
       "      <td>17</td>\n",
       "      <td>U</td>\n",
       "      <td>GT3</td>\n",
       "      <td>T</td>\n",
       "      <td>1</td>\n",
       "      <td>1</td>\n",
       "      <td>at_home</td>\n",
       "      <td>other</td>\n",
       "      <td>...</td>\n",
       "      <td>5</td>\n",
       "      <td>3</td>\n",
       "      <td>3</td>\n",
       "      <td>1</td>\n",
       "      <td>1</td>\n",
       "      <td>3</td>\n",
       "      <td>4</td>\n",
       "      <td>5</td>\n",
       "      <td>5</td>\n",
       "      <td>6</td>\n",
       "    </tr>\n",
       "    <tr>\n",
       "      <th>2</th>\n",
       "      <td>GP</td>\n",
       "      <td>F</td>\n",
       "      <td>15</td>\n",
       "      <td>U</td>\n",
       "      <td>LE3</td>\n",
       "      <td>T</td>\n",
       "      <td>1</td>\n",
       "      <td>1</td>\n",
       "      <td>at_home</td>\n",
       "      <td>other</td>\n",
       "      <td>...</td>\n",
       "      <td>4</td>\n",
       "      <td>3</td>\n",
       "      <td>2</td>\n",
       "      <td>2</td>\n",
       "      <td>3</td>\n",
       "      <td>3</td>\n",
       "      <td>10</td>\n",
       "      <td>7</td>\n",
       "      <td>8</td>\n",
       "      <td>10</td>\n",
       "    </tr>\n",
       "    <tr>\n",
       "      <th>3</th>\n",
       "      <td>GP</td>\n",
       "      <td>F</td>\n",
       "      <td>15</td>\n",
       "      <td>U</td>\n",
       "      <td>GT3</td>\n",
       "      <td>T</td>\n",
       "      <td>4</td>\n",
       "      <td>2</td>\n",
       "      <td>health</td>\n",
       "      <td>services</td>\n",
       "      <td>...</td>\n",
       "      <td>3</td>\n",
       "      <td>2</td>\n",
       "      <td>2</td>\n",
       "      <td>1</td>\n",
       "      <td>1</td>\n",
       "      <td>5</td>\n",
       "      <td>2</td>\n",
       "      <td>15</td>\n",
       "      <td>14</td>\n",
       "      <td>15</td>\n",
       "    </tr>\n",
       "    <tr>\n",
       "      <th>4</th>\n",
       "      <td>GP</td>\n",
       "      <td>F</td>\n",
       "      <td>16</td>\n",
       "      <td>U</td>\n",
       "      <td>GT3</td>\n",
       "      <td>T</td>\n",
       "      <td>3</td>\n",
       "      <td>3</td>\n",
       "      <td>other</td>\n",
       "      <td>other</td>\n",
       "      <td>...</td>\n",
       "      <td>4</td>\n",
       "      <td>3</td>\n",
       "      <td>2</td>\n",
       "      <td>1</td>\n",
       "      <td>2</td>\n",
       "      <td>5</td>\n",
       "      <td>4</td>\n",
       "      <td>6</td>\n",
       "      <td>10</td>\n",
       "      <td>10</td>\n",
       "    </tr>\n",
       "  </tbody>\n",
       "</table>\n",
       "<p>5 rows × 33 columns</p>\n",
       "</div>"
      ],
      "text/plain": [
       "  school sex  age address famsize Pstatus  Medu  Fedu     Mjob      Fjob  ...  \\\n",
       "0     GP   F   18       U     GT3       A     4     4  at_home   teacher  ...   \n",
       "1     GP   F   17       U     GT3       T     1     1  at_home     other  ...   \n",
       "2     GP   F   15       U     LE3       T     1     1  at_home     other  ...   \n",
       "3     GP   F   15       U     GT3       T     4     2   health  services  ...   \n",
       "4     GP   F   16       U     GT3       T     3     3    other     other  ...   \n",
       "\n",
       "  famrel freetime  goout  Dalc  Walc health absences  G1  G2  G3  \n",
       "0      4        3      4     1     1      3        6   5   6   6  \n",
       "1      5        3      3     1     1      3        4   5   5   6  \n",
       "2      4        3      2     2     3      3       10   7   8  10  \n",
       "3      3        2      2     1     1      5        2  15  14  15  \n",
       "4      4        3      2     1     2      5        4   6  10  10  \n",
       "\n",
       "[5 rows x 33 columns]"
      ]
     },
     "execution_count": 3,
     "metadata": {},
     "output_type": "execute_result"
    }
   ],
   "source": [
    "data = pd.read_csv(\"student_data.csv\")\n",
    "data.head()"
   ]
  },
  {
   "cell_type": "code",
   "execution_count": 4,
   "id": "a16f72a3",
   "metadata": {},
   "outputs": [
    {
     "data": {
      "text/html": [
       "<div>\n",
       "<style scoped>\n",
       "    .dataframe tbody tr th:only-of-type {\n",
       "        vertical-align: middle;\n",
       "    }\n",
       "\n",
       "    .dataframe tbody tr th {\n",
       "        vertical-align: top;\n",
       "    }\n",
       "\n",
       "    .dataframe thead th {\n",
       "        text-align: right;\n",
       "    }\n",
       "</style>\n",
       "<table border=\"1\" class=\"dataframe\">\n",
       "  <thead>\n",
       "    <tr style=\"text-align: right;\">\n",
       "      <th></th>\n",
       "      <th>age</th>\n",
       "      <th>Medu</th>\n",
       "      <th>Fedu</th>\n",
       "      <th>traveltime</th>\n",
       "      <th>studytime</th>\n",
       "      <th>failures</th>\n",
       "      <th>famrel</th>\n",
       "      <th>freetime</th>\n",
       "      <th>goout</th>\n",
       "      <th>Dalc</th>\n",
       "      <th>Walc</th>\n",
       "      <th>health</th>\n",
       "      <th>absences</th>\n",
       "      <th>G1</th>\n",
       "      <th>G2</th>\n",
       "      <th>G3</th>\n",
       "    </tr>\n",
       "  </thead>\n",
       "  <tbody>\n",
       "    <tr>\n",
       "      <th>age</th>\n",
       "      <td>1.000000</td>\n",
       "      <td>-0.163658</td>\n",
       "      <td>-0.163438</td>\n",
       "      <td>0.070641</td>\n",
       "      <td>-0.004140</td>\n",
       "      <td>0.243665</td>\n",
       "      <td>0.053940</td>\n",
       "      <td>0.016434</td>\n",
       "      <td>0.126964</td>\n",
       "      <td>0.131125</td>\n",
       "      <td>0.117276</td>\n",
       "      <td>-0.062187</td>\n",
       "      <td>0.175230</td>\n",
       "      <td>-0.064081</td>\n",
       "      <td>-0.143474</td>\n",
       "      <td>-0.161579</td>\n",
       "    </tr>\n",
       "    <tr>\n",
       "      <th>Medu</th>\n",
       "      <td>-0.163658</td>\n",
       "      <td>1.000000</td>\n",
       "      <td>0.623455</td>\n",
       "      <td>-0.171639</td>\n",
       "      <td>0.064944</td>\n",
       "      <td>-0.236680</td>\n",
       "      <td>-0.003914</td>\n",
       "      <td>0.030891</td>\n",
       "      <td>0.064094</td>\n",
       "      <td>0.019834</td>\n",
       "      <td>-0.047123</td>\n",
       "      <td>-0.046878</td>\n",
       "      <td>0.100285</td>\n",
       "      <td>0.205341</td>\n",
       "      <td>0.215527</td>\n",
       "      <td>0.217147</td>\n",
       "    </tr>\n",
       "    <tr>\n",
       "      <th>Fedu</th>\n",
       "      <td>-0.163438</td>\n",
       "      <td>0.623455</td>\n",
       "      <td>1.000000</td>\n",
       "      <td>-0.158194</td>\n",
       "      <td>-0.009175</td>\n",
       "      <td>-0.250408</td>\n",
       "      <td>-0.001370</td>\n",
       "      <td>-0.012846</td>\n",
       "      <td>0.043105</td>\n",
       "      <td>0.002386</td>\n",
       "      <td>-0.012631</td>\n",
       "      <td>0.014742</td>\n",
       "      <td>0.024473</td>\n",
       "      <td>0.190270</td>\n",
       "      <td>0.164893</td>\n",
       "      <td>0.152457</td>\n",
       "    </tr>\n",
       "    <tr>\n",
       "      <th>traveltime</th>\n",
       "      <td>0.070641</td>\n",
       "      <td>-0.171639</td>\n",
       "      <td>-0.158194</td>\n",
       "      <td>1.000000</td>\n",
       "      <td>-0.100909</td>\n",
       "      <td>0.092239</td>\n",
       "      <td>-0.016808</td>\n",
       "      <td>-0.017025</td>\n",
       "      <td>0.028540</td>\n",
       "      <td>0.138325</td>\n",
       "      <td>0.134116</td>\n",
       "      <td>0.007501</td>\n",
       "      <td>-0.012944</td>\n",
       "      <td>-0.093040</td>\n",
       "      <td>-0.153198</td>\n",
       "      <td>-0.117142</td>\n",
       "    </tr>\n",
       "    <tr>\n",
       "      <th>studytime</th>\n",
       "      <td>-0.004140</td>\n",
       "      <td>0.064944</td>\n",
       "      <td>-0.009175</td>\n",
       "      <td>-0.100909</td>\n",
       "      <td>1.000000</td>\n",
       "      <td>-0.173563</td>\n",
       "      <td>0.039731</td>\n",
       "      <td>-0.143198</td>\n",
       "      <td>-0.063904</td>\n",
       "      <td>-0.196019</td>\n",
       "      <td>-0.253785</td>\n",
       "      <td>-0.075616</td>\n",
       "      <td>-0.062700</td>\n",
       "      <td>0.160612</td>\n",
       "      <td>0.135880</td>\n",
       "      <td>0.097820</td>\n",
       "    </tr>\n",
       "    <tr>\n",
       "      <th>failures</th>\n",
       "      <td>0.243665</td>\n",
       "      <td>-0.236680</td>\n",
       "      <td>-0.250408</td>\n",
       "      <td>0.092239</td>\n",
       "      <td>-0.173563</td>\n",
       "      <td>1.000000</td>\n",
       "      <td>-0.044337</td>\n",
       "      <td>0.091987</td>\n",
       "      <td>0.124561</td>\n",
       "      <td>0.136047</td>\n",
       "      <td>0.141962</td>\n",
       "      <td>0.065827</td>\n",
       "      <td>0.063726</td>\n",
       "      <td>-0.354718</td>\n",
       "      <td>-0.355896</td>\n",
       "      <td>-0.360415</td>\n",
       "    </tr>\n",
       "    <tr>\n",
       "      <th>famrel</th>\n",
       "      <td>0.053940</td>\n",
       "      <td>-0.003914</td>\n",
       "      <td>-0.001370</td>\n",
       "      <td>-0.016808</td>\n",
       "      <td>0.039731</td>\n",
       "      <td>-0.044337</td>\n",
       "      <td>1.000000</td>\n",
       "      <td>0.150701</td>\n",
       "      <td>0.064568</td>\n",
       "      <td>-0.077594</td>\n",
       "      <td>-0.113397</td>\n",
       "      <td>0.094056</td>\n",
       "      <td>-0.044354</td>\n",
       "      <td>0.022168</td>\n",
       "      <td>-0.018281</td>\n",
       "      <td>0.051363</td>\n",
       "    </tr>\n",
       "    <tr>\n",
       "      <th>freetime</th>\n",
       "      <td>0.016434</td>\n",
       "      <td>0.030891</td>\n",
       "      <td>-0.012846</td>\n",
       "      <td>-0.017025</td>\n",
       "      <td>-0.143198</td>\n",
       "      <td>0.091987</td>\n",
       "      <td>0.150701</td>\n",
       "      <td>1.000000</td>\n",
       "      <td>0.285019</td>\n",
       "      <td>0.209001</td>\n",
       "      <td>0.147822</td>\n",
       "      <td>0.075733</td>\n",
       "      <td>-0.058078</td>\n",
       "      <td>0.012613</td>\n",
       "      <td>-0.013777</td>\n",
       "      <td>0.011307</td>\n",
       "    </tr>\n",
       "    <tr>\n",
       "      <th>goout</th>\n",
       "      <td>0.126964</td>\n",
       "      <td>0.064094</td>\n",
       "      <td>0.043105</td>\n",
       "      <td>0.028540</td>\n",
       "      <td>-0.063904</td>\n",
       "      <td>0.124561</td>\n",
       "      <td>0.064568</td>\n",
       "      <td>0.285019</td>\n",
       "      <td>1.000000</td>\n",
       "      <td>0.266994</td>\n",
       "      <td>0.420386</td>\n",
       "      <td>-0.009577</td>\n",
       "      <td>0.044302</td>\n",
       "      <td>-0.149104</td>\n",
       "      <td>-0.162250</td>\n",
       "      <td>-0.132791</td>\n",
       "    </tr>\n",
       "    <tr>\n",
       "      <th>Dalc</th>\n",
       "      <td>0.131125</td>\n",
       "      <td>0.019834</td>\n",
       "      <td>0.002386</td>\n",
       "      <td>0.138325</td>\n",
       "      <td>-0.196019</td>\n",
       "      <td>0.136047</td>\n",
       "      <td>-0.077594</td>\n",
       "      <td>0.209001</td>\n",
       "      <td>0.266994</td>\n",
       "      <td>1.000000</td>\n",
       "      <td>0.647544</td>\n",
       "      <td>0.077180</td>\n",
       "      <td>0.111908</td>\n",
       "      <td>-0.094159</td>\n",
       "      <td>-0.064120</td>\n",
       "      <td>-0.054660</td>\n",
       "    </tr>\n",
       "    <tr>\n",
       "      <th>Walc</th>\n",
       "      <td>0.117276</td>\n",
       "      <td>-0.047123</td>\n",
       "      <td>-0.012631</td>\n",
       "      <td>0.134116</td>\n",
       "      <td>-0.253785</td>\n",
       "      <td>0.141962</td>\n",
       "      <td>-0.113397</td>\n",
       "      <td>0.147822</td>\n",
       "      <td>0.420386</td>\n",
       "      <td>0.647544</td>\n",
       "      <td>1.000000</td>\n",
       "      <td>0.092476</td>\n",
       "      <td>0.136291</td>\n",
       "      <td>-0.126179</td>\n",
       "      <td>-0.084927</td>\n",
       "      <td>-0.051939</td>\n",
       "    </tr>\n",
       "    <tr>\n",
       "      <th>health</th>\n",
       "      <td>-0.062187</td>\n",
       "      <td>-0.046878</td>\n",
       "      <td>0.014742</td>\n",
       "      <td>0.007501</td>\n",
       "      <td>-0.075616</td>\n",
       "      <td>0.065827</td>\n",
       "      <td>0.094056</td>\n",
       "      <td>0.075733</td>\n",
       "      <td>-0.009577</td>\n",
       "      <td>0.077180</td>\n",
       "      <td>0.092476</td>\n",
       "      <td>1.000000</td>\n",
       "      <td>-0.029937</td>\n",
       "      <td>-0.073172</td>\n",
       "      <td>-0.097720</td>\n",
       "      <td>-0.061335</td>\n",
       "    </tr>\n",
       "    <tr>\n",
       "      <th>absences</th>\n",
       "      <td>0.175230</td>\n",
       "      <td>0.100285</td>\n",
       "      <td>0.024473</td>\n",
       "      <td>-0.012944</td>\n",
       "      <td>-0.062700</td>\n",
       "      <td>0.063726</td>\n",
       "      <td>-0.044354</td>\n",
       "      <td>-0.058078</td>\n",
       "      <td>0.044302</td>\n",
       "      <td>0.111908</td>\n",
       "      <td>0.136291</td>\n",
       "      <td>-0.029937</td>\n",
       "      <td>1.000000</td>\n",
       "      <td>-0.031003</td>\n",
       "      <td>-0.031777</td>\n",
       "      <td>0.034247</td>\n",
       "    </tr>\n",
       "    <tr>\n",
       "      <th>G1</th>\n",
       "      <td>-0.064081</td>\n",
       "      <td>0.205341</td>\n",
       "      <td>0.190270</td>\n",
       "      <td>-0.093040</td>\n",
       "      <td>0.160612</td>\n",
       "      <td>-0.354718</td>\n",
       "      <td>0.022168</td>\n",
       "      <td>0.012613</td>\n",
       "      <td>-0.149104</td>\n",
       "      <td>-0.094159</td>\n",
       "      <td>-0.126179</td>\n",
       "      <td>-0.073172</td>\n",
       "      <td>-0.031003</td>\n",
       "      <td>1.000000</td>\n",
       "      <td>0.852118</td>\n",
       "      <td>0.801468</td>\n",
       "    </tr>\n",
       "    <tr>\n",
       "      <th>G2</th>\n",
       "      <td>-0.143474</td>\n",
       "      <td>0.215527</td>\n",
       "      <td>0.164893</td>\n",
       "      <td>-0.153198</td>\n",
       "      <td>0.135880</td>\n",
       "      <td>-0.355896</td>\n",
       "      <td>-0.018281</td>\n",
       "      <td>-0.013777</td>\n",
       "      <td>-0.162250</td>\n",
       "      <td>-0.064120</td>\n",
       "      <td>-0.084927</td>\n",
       "      <td>-0.097720</td>\n",
       "      <td>-0.031777</td>\n",
       "      <td>0.852118</td>\n",
       "      <td>1.000000</td>\n",
       "      <td>0.904868</td>\n",
       "    </tr>\n",
       "    <tr>\n",
       "      <th>G3</th>\n",
       "      <td>-0.161579</td>\n",
       "      <td>0.217147</td>\n",
       "      <td>0.152457</td>\n",
       "      <td>-0.117142</td>\n",
       "      <td>0.097820</td>\n",
       "      <td>-0.360415</td>\n",
       "      <td>0.051363</td>\n",
       "      <td>0.011307</td>\n",
       "      <td>-0.132791</td>\n",
       "      <td>-0.054660</td>\n",
       "      <td>-0.051939</td>\n",
       "      <td>-0.061335</td>\n",
       "      <td>0.034247</td>\n",
       "      <td>0.801468</td>\n",
       "      <td>0.904868</td>\n",
       "      <td>1.000000</td>\n",
       "    </tr>\n",
       "  </tbody>\n",
       "</table>\n",
       "</div>"
      ],
      "text/plain": [
       "                 age      Medu      Fedu  traveltime  studytime  failures  \\\n",
       "age         1.000000 -0.163658 -0.163438    0.070641  -0.004140  0.243665   \n",
       "Medu       -0.163658  1.000000  0.623455   -0.171639   0.064944 -0.236680   \n",
       "Fedu       -0.163438  0.623455  1.000000   -0.158194  -0.009175 -0.250408   \n",
       "traveltime  0.070641 -0.171639 -0.158194    1.000000  -0.100909  0.092239   \n",
       "studytime  -0.004140  0.064944 -0.009175   -0.100909   1.000000 -0.173563   \n",
       "failures    0.243665 -0.236680 -0.250408    0.092239  -0.173563  1.000000   \n",
       "famrel      0.053940 -0.003914 -0.001370   -0.016808   0.039731 -0.044337   \n",
       "freetime    0.016434  0.030891 -0.012846   -0.017025  -0.143198  0.091987   \n",
       "goout       0.126964  0.064094  0.043105    0.028540  -0.063904  0.124561   \n",
       "Dalc        0.131125  0.019834  0.002386    0.138325  -0.196019  0.136047   \n",
       "Walc        0.117276 -0.047123 -0.012631    0.134116  -0.253785  0.141962   \n",
       "health     -0.062187 -0.046878  0.014742    0.007501  -0.075616  0.065827   \n",
       "absences    0.175230  0.100285  0.024473   -0.012944  -0.062700  0.063726   \n",
       "G1         -0.064081  0.205341  0.190270   -0.093040   0.160612 -0.354718   \n",
       "G2         -0.143474  0.215527  0.164893   -0.153198   0.135880 -0.355896   \n",
       "G3         -0.161579  0.217147  0.152457   -0.117142   0.097820 -0.360415   \n",
       "\n",
       "              famrel  freetime     goout      Dalc      Walc    health  \\\n",
       "age         0.053940  0.016434  0.126964  0.131125  0.117276 -0.062187   \n",
       "Medu       -0.003914  0.030891  0.064094  0.019834 -0.047123 -0.046878   \n",
       "Fedu       -0.001370 -0.012846  0.043105  0.002386 -0.012631  0.014742   \n",
       "traveltime -0.016808 -0.017025  0.028540  0.138325  0.134116  0.007501   \n",
       "studytime   0.039731 -0.143198 -0.063904 -0.196019 -0.253785 -0.075616   \n",
       "failures   -0.044337  0.091987  0.124561  0.136047  0.141962  0.065827   \n",
       "famrel      1.000000  0.150701  0.064568 -0.077594 -0.113397  0.094056   \n",
       "freetime    0.150701  1.000000  0.285019  0.209001  0.147822  0.075733   \n",
       "goout       0.064568  0.285019  1.000000  0.266994  0.420386 -0.009577   \n",
       "Dalc       -0.077594  0.209001  0.266994  1.000000  0.647544  0.077180   \n",
       "Walc       -0.113397  0.147822  0.420386  0.647544  1.000000  0.092476   \n",
       "health      0.094056  0.075733 -0.009577  0.077180  0.092476  1.000000   \n",
       "absences   -0.044354 -0.058078  0.044302  0.111908  0.136291 -0.029937   \n",
       "G1          0.022168  0.012613 -0.149104 -0.094159 -0.126179 -0.073172   \n",
       "G2         -0.018281 -0.013777 -0.162250 -0.064120 -0.084927 -0.097720   \n",
       "G3          0.051363  0.011307 -0.132791 -0.054660 -0.051939 -0.061335   \n",
       "\n",
       "            absences        G1        G2        G3  \n",
       "age         0.175230 -0.064081 -0.143474 -0.161579  \n",
       "Medu        0.100285  0.205341  0.215527  0.217147  \n",
       "Fedu        0.024473  0.190270  0.164893  0.152457  \n",
       "traveltime -0.012944 -0.093040 -0.153198 -0.117142  \n",
       "studytime  -0.062700  0.160612  0.135880  0.097820  \n",
       "failures    0.063726 -0.354718 -0.355896 -0.360415  \n",
       "famrel     -0.044354  0.022168 -0.018281  0.051363  \n",
       "freetime   -0.058078  0.012613 -0.013777  0.011307  \n",
       "goout       0.044302 -0.149104 -0.162250 -0.132791  \n",
       "Dalc        0.111908 -0.094159 -0.064120 -0.054660  \n",
       "Walc        0.136291 -0.126179 -0.084927 -0.051939  \n",
       "health     -0.029937 -0.073172 -0.097720 -0.061335  \n",
       "absences    1.000000 -0.031003 -0.031777  0.034247  \n",
       "G1         -0.031003  1.000000  0.852118  0.801468  \n",
       "G2         -0.031777  0.852118  1.000000  0.904868  \n",
       "G3          0.034247  0.801468  0.904868  1.000000  "
      ]
     },
     "execution_count": 4,
     "metadata": {},
     "output_type": "execute_result"
    }
   ],
   "source": [
    "data.corr()"
   ]
  },
  {
   "cell_type": "code",
   "execution_count": 5,
   "id": "24d713a1",
   "metadata": {},
   "outputs": [
    {
     "name": "stderr",
     "output_type": "stream",
     "text": [
      "C:\\Users\\Tuntu\\AppData\\Local\\Temp\\ipykernel_16196\\791956819.py:3: FutureWarning: In a future version of pandas all arguments of DataFrame.drop except for the argument 'labels' will be keyword-only.\n",
      "  x = np.array(data.drop([predict], 1))\n"
     ]
    }
   ],
   "source": [
    "data = data[[\"G1\", \"G2\", \"G3\", \"studytime\", \"failures\", \"absences\"]]\n",
    "predict = \"G3\"\n",
    "x = np.array(data.drop([predict], 1))\n",
    "y = np.array(data[predict])"
   ]
  },
  {
   "cell_type": "code",
   "execution_count": 6,
   "id": "09aeb304",
   "metadata": {},
   "outputs": [],
   "source": [
    "from sklearn.model_selection import train_test_split\n",
    "xtrain, xtest, ytrain, ytest = train_test_split(x, y, test_size=0.2)"
   ]
  },
  {
   "cell_type": "code",
   "execution_count": 7,
   "id": "99f84bd1",
   "metadata": {},
   "outputs": [],
   "source": [
    "linear_regression = LinearRegression()\n",
    "lr = linear_regression.fit(xtrain, ytrain)\n"
   ]
  },
  {
   "cell_type": "code",
   "execution_count": 8,
   "id": "6a5864df",
   "metadata": {},
   "outputs": [
    {
     "data": {
      "text/plain": [
       "['finalized_model.sav']"
      ]
     },
     "execution_count": 8,
     "metadata": {},
     "output_type": "execute_result"
    }
   ],
   "source": [
    "# save the model to disk\n",
    "filename = 'finalized_model.sav'\n",
    "joblib.dump(lr, filename)"
   ]
  },
  {
   "cell_type": "code",
   "execution_count": 9,
   "id": "20248195",
   "metadata": {},
   "outputs": [
    {
     "name": "stdout",
     "output_type": "stream",
     "text": [
      "0.7660415537613249\n"
     ]
    }
   ],
   "source": [
    "loaded_model = joblib.load(filename)\n",
    "accuracy = loaded_model.score(xtest, ytest)\n",
    "\n",
    "print(accuracy)"
   ]
  },
  {
   "cell_type": "code",
   "execution_count": 10,
   "id": "44d2fbe3",
   "metadata": {},
   "outputs": [
    {
     "name": "stdout",
     "output_type": "stream",
     "text": [
      "Coefficient: \n",
      " [ 0.1421959   0.9679932  -0.13591151 -0.2015248   0.05035651]\n",
      "Intercept: \n",
      " -1.322483038455232\n"
     ]
    }
   ],
   "source": [
    "print('Coefficient: \\n', loaded_model.coef_)\n",
    "print('Intercept: \\n', loaded_model.intercept_)"
   ]
  },
  {
   "cell_type": "code",
   "execution_count": 13,
   "id": "f7a160b4",
   "metadata": {},
   "outputs": [
    {
     "name": "stdout",
     "output_type": "stream",
     "text": [
      "16.269432617377703 [16 16  2  0  2] 16\n",
      "8.40866123672949 [ 6  9  1  2 14] 8\n",
      "10.748803151714721 [11 11  4  0  8] 10\n",
      "9.37167347000511 [10 10  3  0  0] 9\n",
      "8.456626015828666 [8 9 2 0 4] 10\n",
      "12.654473505049161 [11 13  2  0  2] 14\n",
      "11.95302609274619 [15 12  2  1  0] 12\n",
      "14.020140319458458 [15 14  4  0  4] 14\n",
      "18.827148373974488 [18 18  1  0  6] 18\n",
      "15.1177606342645 [14 15  2  0  4] 15\n",
      "5.048883798777643 [8 6 2 2 2] 5\n",
      "6.106620696394674 [7 7 4 0 4] 6\n",
      "10.138385246203372 [ 7 10  2  1 25] 11\n",
      "14.256764848395218 [15 14  3  0  6] 14\n",
      "4.300261406648738 [6 5 2 0 4] 6\n",
      "8.74101781893929 [10  9  2  0  4] 9\n",
      "13.799861094029069 [12 14  1  0  0] 15\n",
      "8.456626015828666 [8 9 2 0 4] 10\n",
      "15.064814886923617 [16 15  3  0  0] 15\n",
      "11.509085916069255 [10 12  3  0  4] 12\n",
      "8.397395874354485 [9 9 2 0 0] 10\n",
      "15.159243514305064 [15 15  2  0  2] 14\n",
      "17.93354333878145 [17 17  2  0 13] 17\n",
      "12.83815228664504 [13 13  2  0  0] 13\n",
      "5.975394120254403 [7 7 2 2 4] 9\n",
      "7.287206771281847 [8 8 2 0 0] 0\n",
      "10.860683003569823 [12 11  2  0  2] 12\n",
      "14.305018862915254 [11 12  2  0 54] 11\n",
      "13.942056995584382 [13 14  1  0  0] 13\n",
      "10.902165883610389 [13 11  2  0  0] 10\n",
      "-0.4269163330418212 [12  0  3  2  0] 0\n",
      "15.058530492790318 [15 15  2  0  0] 15\n",
      "5.714639183288074 [8 7 2 3 0] 0\n",
      "9.235761962583094 [10 10  4  0  0] 10\n",
      "9.286065806553593 [11  9  2  0 12] 9\n",
      "10.191186375833825 [ 8 11  2  0  0] 11\n",
      "16.269432617377703 [16 16  2  0  2] 17\n",
      "4.033222075549109 [6 5 1 1 0] 0\n",
      "12.835510383274654 [16 12  1  0  8] 13\n",
      "8.267768761065769 [10  9  4  0  0] 0\n",
      "4.939738021644486 [ 6  5  1  0 14] 5\n",
      "8.033582049462986 [ 9  8  2  1 16] 7\n",
      "19.996567618521308 [18 19  1  0 10] 19\n",
      "17.007085684091567 [17 17  4  0  0] 18\n",
      "11.217360476767396 [ 9  9  2  0 56] 8\n",
      "13.400947535692955 [12 13  2  0 14] 12\n",
      "5.3449359741138975 [7 6 1 0 0] 0\n",
      "12.584076533234626 [11 13  4  0  6] 14\n",
      "10.71848710201451 [11 11  2  0  2] 11\n",
      "3.76139906070508 [6 5 3 1 0] 0\n",
      "16.30463110328497 [16 16  1  0  0] 15\n",
      "18.927861395489234 [18 18  1  0  8] 18\n",
      "11.727963183572403 [12 12  2  0  0] 11\n",
      "13.880533654486653 [12 14  3  0  7] 14\n",
      "7.367826664952556 [ 9  7  2  0 18] 6\n",
      "12.702240779223025 [13 13  3  0  0] 14\n",
      "9.229477568449797 [ 9 10  3  0  0] 0\n",
      "4.9418863831295985 [7 6 1 2 0] 0\n",
      "4.560917591152412 [ 5  5  2  0 12] 5\n",
      "8.009649146358727 [10  8  1  0  6] 11\n",
      "6.041106160787195 [7 7 3 0 0] 8\n",
      "13.996352034064628 [13 13  2  0 23] 13\n",
      "8.195871078862336 [9 9 2 1 0] 0\n",
      "12.316330082712804 [10  9  2  0 75] 9\n",
      "14.981849126842484 [14 15  3  0  4] 16\n",
      "8.391111480221188 [8 9 1 0 0] 8\n",
      "8.59882191738398 [9 9 2 0 4] 10\n",
      "12.089332389590822 [11 12  2  0 10] 13\n",
      "15.017047612749753 [14 15  2  0  2] 15\n",
      "13.28857414195258 [15 13  3  2 14] 13\n",
      "11.014341772425453 [10 11  1  0  8] 10\n",
      "12.086690486220437 [14 11  1  0 18] 13\n",
      "-0.3208273334347447 [8 0 1 0 0] 0\n",
      "8.793963566280175 [8 9 1 0 8] 10\n",
      "13.578394589942413 [12 14  3  0  1] 15\n",
      "8.106620924647906 [6 9 1 1 4] 8\n",
      "5.771622210814487 [ 6  6  2  2 22] 4\n",
      "13.94834138971768 [14 14  2  0  0] 14\n",
      "8.699534938898726 [9 9 2 0 6] 10\n"
     ]
    }
   ],
   "source": [
    "predictions = loaded_model.predict(xtest)\n",
    "\n",
    "for x in range(len(predictions)):\n",
    "    print(predictions[x], xtest[x], ytest[x])"
   ]
  },
  {
   "cell_type": "code",
   "execution_count": 32,
   "id": "39033ad3",
   "metadata": {},
   "outputs": [
    {
     "name": "stdout",
     "output_type": "stream",
     "text": [
      "[5.1125016]\n"
     ]
    }
   ],
   "source": [
    "print(loaded_model.predict([[5, 6, 2, 0, 6]]))"
   ]
  },
  {
   "cell_type": "code",
   "execution_count": null,
   "id": "d83e71d1",
   "metadata": {},
   "outputs": [],
   "source": []
  }
 ],
 "metadata": {
  "kernelspec": {
   "display_name": "Python 3 (ipykernel)",
   "language": "python",
   "name": "python3"
  },
  "language_info": {
   "codemirror_mode": {
    "name": "ipython",
    "version": 3
   },
   "file_extension": ".py",
   "mimetype": "text/x-python",
   "name": "python",
   "nbconvert_exporter": "python",
   "pygments_lexer": "ipython3",
   "version": "3.8.0"
  }
 },
 "nbformat": 4,
 "nbformat_minor": 5
}
