{
 "cells": [
  {
   "cell_type": "code",
   "execution_count": 1,
   "id": "dc802465",
   "metadata": {},
   "outputs": [],
   "source": [
    "import numpy as np\n",
    "import pandas as pd\n",
    "from sklearn.linear_model import LinearRegression\n",
    "from sklearn.utils import shuffle"
   ]
  },
  {
   "cell_type": "code",
   "execution_count": 7,
   "id": "41df19f6",
   "metadata": {},
   "outputs": [
    {
     "data": {
      "text/html": [
       "<div>\n",
       "<style scoped>\n",
       "    .dataframe tbody tr th:only-of-type {\n",
       "        vertical-align: middle;\n",
       "    }\n",
       "\n",
       "    .dataframe tbody tr th {\n",
       "        vertical-align: top;\n",
       "    }\n",
       "\n",
       "    .dataframe thead th {\n",
       "        text-align: right;\n",
       "    }\n",
       "</style>\n",
       "<table border=\"1\" class=\"dataframe\">\n",
       "  <thead>\n",
       "    <tr style=\"text-align: right;\">\n",
       "      <th></th>\n",
       "      <th>school</th>\n",
       "      <th>sex</th>\n",
       "      <th>age</th>\n",
       "      <th>address</th>\n",
       "      <th>famsize</th>\n",
       "      <th>Pstatus</th>\n",
       "      <th>Medu</th>\n",
       "      <th>Fedu</th>\n",
       "      <th>Mjob</th>\n",
       "      <th>Fjob</th>\n",
       "      <th>...</th>\n",
       "      <th>famrel</th>\n",
       "      <th>freetime</th>\n",
       "      <th>goout</th>\n",
       "      <th>Dalc</th>\n",
       "      <th>Walc</th>\n",
       "      <th>health</th>\n",
       "      <th>absences</th>\n",
       "      <th>G1</th>\n",
       "      <th>G2</th>\n",
       "      <th>G3</th>\n",
       "    </tr>\n",
       "  </thead>\n",
       "  <tbody>\n",
       "    <tr>\n",
       "      <th>0</th>\n",
       "      <td>GP</td>\n",
       "      <td>F</td>\n",
       "      <td>18</td>\n",
       "      <td>U</td>\n",
       "      <td>GT3</td>\n",
       "      <td>A</td>\n",
       "      <td>4</td>\n",
       "      <td>4</td>\n",
       "      <td>at_home</td>\n",
       "      <td>teacher</td>\n",
       "      <td>...</td>\n",
       "      <td>4</td>\n",
       "      <td>3</td>\n",
       "      <td>4</td>\n",
       "      <td>1</td>\n",
       "      <td>1</td>\n",
       "      <td>3</td>\n",
       "      <td>6</td>\n",
       "      <td>5</td>\n",
       "      <td>6</td>\n",
       "      <td>6</td>\n",
       "    </tr>\n",
       "    <tr>\n",
       "      <th>1</th>\n",
       "      <td>GP</td>\n",
       "      <td>F</td>\n",
       "      <td>17</td>\n",
       "      <td>U</td>\n",
       "      <td>GT3</td>\n",
       "      <td>T</td>\n",
       "      <td>1</td>\n",
       "      <td>1</td>\n",
       "      <td>at_home</td>\n",
       "      <td>other</td>\n",
       "      <td>...</td>\n",
       "      <td>5</td>\n",
       "      <td>3</td>\n",
       "      <td>3</td>\n",
       "      <td>1</td>\n",
       "      <td>1</td>\n",
       "      <td>3</td>\n",
       "      <td>4</td>\n",
       "      <td>5</td>\n",
       "      <td>5</td>\n",
       "      <td>6</td>\n",
       "    </tr>\n",
       "    <tr>\n",
       "      <th>2</th>\n",
       "      <td>GP</td>\n",
       "      <td>F</td>\n",
       "      <td>15</td>\n",
       "      <td>U</td>\n",
       "      <td>LE3</td>\n",
       "      <td>T</td>\n",
       "      <td>1</td>\n",
       "      <td>1</td>\n",
       "      <td>at_home</td>\n",
       "      <td>other</td>\n",
       "      <td>...</td>\n",
       "      <td>4</td>\n",
       "      <td>3</td>\n",
       "      <td>2</td>\n",
       "      <td>2</td>\n",
       "      <td>3</td>\n",
       "      <td>3</td>\n",
       "      <td>10</td>\n",
       "      <td>7</td>\n",
       "      <td>8</td>\n",
       "      <td>10</td>\n",
       "    </tr>\n",
       "    <tr>\n",
       "      <th>3</th>\n",
       "      <td>GP</td>\n",
       "      <td>F</td>\n",
       "      <td>15</td>\n",
       "      <td>U</td>\n",
       "      <td>GT3</td>\n",
       "      <td>T</td>\n",
       "      <td>4</td>\n",
       "      <td>2</td>\n",
       "      <td>health</td>\n",
       "      <td>services</td>\n",
       "      <td>...</td>\n",
       "      <td>3</td>\n",
       "      <td>2</td>\n",
       "      <td>2</td>\n",
       "      <td>1</td>\n",
       "      <td>1</td>\n",
       "      <td>5</td>\n",
       "      <td>2</td>\n",
       "      <td>15</td>\n",
       "      <td>14</td>\n",
       "      <td>15</td>\n",
       "    </tr>\n",
       "    <tr>\n",
       "      <th>4</th>\n",
       "      <td>GP</td>\n",
       "      <td>F</td>\n",
       "      <td>16</td>\n",
       "      <td>U</td>\n",
       "      <td>GT3</td>\n",
       "      <td>T</td>\n",
       "      <td>3</td>\n",
       "      <td>3</td>\n",
       "      <td>other</td>\n",
       "      <td>other</td>\n",
       "      <td>...</td>\n",
       "      <td>4</td>\n",
       "      <td>3</td>\n",
       "      <td>2</td>\n",
       "      <td>1</td>\n",
       "      <td>2</td>\n",
       "      <td>5</td>\n",
       "      <td>4</td>\n",
       "      <td>6</td>\n",
       "      <td>10</td>\n",
       "      <td>10</td>\n",
       "    </tr>\n",
       "  </tbody>\n",
       "</table>\n",
       "<p>5 rows × 33 columns</p>\n",
       "</div>"
      ],
      "text/plain": [
       "  school sex  age address famsize Pstatus  Medu  Fedu     Mjob      Fjob  ...  \\\n",
       "0     GP   F   18       U     GT3       A     4     4  at_home   teacher  ...   \n",
       "1     GP   F   17       U     GT3       T     1     1  at_home     other  ...   \n",
       "2     GP   F   15       U     LE3       T     1     1  at_home     other  ...   \n",
       "3     GP   F   15       U     GT3       T     4     2   health  services  ...   \n",
       "4     GP   F   16       U     GT3       T     3     3    other     other  ...   \n",
       "\n",
       "  famrel freetime  goout  Dalc  Walc health absences  G1  G2  G3  \n",
       "0      4        3      4     1     1      3        6   5   6   6  \n",
       "1      5        3      3     1     1      3        4   5   5   6  \n",
       "2      4        3      2     2     3      3       10   7   8  10  \n",
       "3      3        2      2     1     1      5        2  15  14  15  \n",
       "4      4        3      2     1     2      5        4   6  10  10  \n",
       "\n",
       "[5 rows x 33 columns]"
      ]
     },
     "execution_count": 7,
     "metadata": {},
     "output_type": "execute_result"
    }
   ],
   "source": [
    "data = pd.read_csv(\"student_data.csv\")\n",
    "data.head()"
   ]
  },
  {
   "cell_type": "code",
   "execution_count": 8,
   "id": "ebea93ed",
   "metadata": {},
   "outputs": [
    {
     "data": {
      "text/html": [
       "<div>\n",
       "<style scoped>\n",
       "    .dataframe tbody tr th:only-of-type {\n",
       "        vertical-align: middle;\n",
       "    }\n",
       "\n",
       "    .dataframe tbody tr th {\n",
       "        vertical-align: top;\n",
       "    }\n",
       "\n",
       "    .dataframe thead th {\n",
       "        text-align: right;\n",
       "    }\n",
       "</style>\n",
       "<table border=\"1\" class=\"dataframe\">\n",
       "  <thead>\n",
       "    <tr style=\"text-align: right;\">\n",
       "      <th></th>\n",
       "      <th>age</th>\n",
       "      <th>Medu</th>\n",
       "      <th>Fedu</th>\n",
       "      <th>traveltime</th>\n",
       "      <th>studytime</th>\n",
       "      <th>failures</th>\n",
       "      <th>famrel</th>\n",
       "      <th>freetime</th>\n",
       "      <th>goout</th>\n",
       "      <th>Dalc</th>\n",
       "      <th>Walc</th>\n",
       "      <th>health</th>\n",
       "      <th>absences</th>\n",
       "      <th>G1</th>\n",
       "      <th>G2</th>\n",
       "      <th>G3</th>\n",
       "    </tr>\n",
       "  </thead>\n",
       "  <tbody>\n",
       "    <tr>\n",
       "      <th>age</th>\n",
       "      <td>1.000000</td>\n",
       "      <td>-0.163658</td>\n",
       "      <td>-0.163438</td>\n",
       "      <td>0.070641</td>\n",
       "      <td>-0.004140</td>\n",
       "      <td>0.243665</td>\n",
       "      <td>0.053940</td>\n",
       "      <td>0.016434</td>\n",
       "      <td>0.126964</td>\n",
       "      <td>0.131125</td>\n",
       "      <td>0.117276</td>\n",
       "      <td>-0.062187</td>\n",
       "      <td>0.175230</td>\n",
       "      <td>-0.064081</td>\n",
       "      <td>-0.143474</td>\n",
       "      <td>-0.161579</td>\n",
       "    </tr>\n",
       "    <tr>\n",
       "      <th>Medu</th>\n",
       "      <td>-0.163658</td>\n",
       "      <td>1.000000</td>\n",
       "      <td>0.623455</td>\n",
       "      <td>-0.171639</td>\n",
       "      <td>0.064944</td>\n",
       "      <td>-0.236680</td>\n",
       "      <td>-0.003914</td>\n",
       "      <td>0.030891</td>\n",
       "      <td>0.064094</td>\n",
       "      <td>0.019834</td>\n",
       "      <td>-0.047123</td>\n",
       "      <td>-0.046878</td>\n",
       "      <td>0.100285</td>\n",
       "      <td>0.205341</td>\n",
       "      <td>0.215527</td>\n",
       "      <td>0.217147</td>\n",
       "    </tr>\n",
       "    <tr>\n",
       "      <th>Fedu</th>\n",
       "      <td>-0.163438</td>\n",
       "      <td>0.623455</td>\n",
       "      <td>1.000000</td>\n",
       "      <td>-0.158194</td>\n",
       "      <td>-0.009175</td>\n",
       "      <td>-0.250408</td>\n",
       "      <td>-0.001370</td>\n",
       "      <td>-0.012846</td>\n",
       "      <td>0.043105</td>\n",
       "      <td>0.002386</td>\n",
       "      <td>-0.012631</td>\n",
       "      <td>0.014742</td>\n",
       "      <td>0.024473</td>\n",
       "      <td>0.190270</td>\n",
       "      <td>0.164893</td>\n",
       "      <td>0.152457</td>\n",
       "    </tr>\n",
       "    <tr>\n",
       "      <th>traveltime</th>\n",
       "      <td>0.070641</td>\n",
       "      <td>-0.171639</td>\n",
       "      <td>-0.158194</td>\n",
       "      <td>1.000000</td>\n",
       "      <td>-0.100909</td>\n",
       "      <td>0.092239</td>\n",
       "      <td>-0.016808</td>\n",
       "      <td>-0.017025</td>\n",
       "      <td>0.028540</td>\n",
       "      <td>0.138325</td>\n",
       "      <td>0.134116</td>\n",
       "      <td>0.007501</td>\n",
       "      <td>-0.012944</td>\n",
       "      <td>-0.093040</td>\n",
       "      <td>-0.153198</td>\n",
       "      <td>-0.117142</td>\n",
       "    </tr>\n",
       "    <tr>\n",
       "      <th>studytime</th>\n",
       "      <td>-0.004140</td>\n",
       "      <td>0.064944</td>\n",
       "      <td>-0.009175</td>\n",
       "      <td>-0.100909</td>\n",
       "      <td>1.000000</td>\n",
       "      <td>-0.173563</td>\n",
       "      <td>0.039731</td>\n",
       "      <td>-0.143198</td>\n",
       "      <td>-0.063904</td>\n",
       "      <td>-0.196019</td>\n",
       "      <td>-0.253785</td>\n",
       "      <td>-0.075616</td>\n",
       "      <td>-0.062700</td>\n",
       "      <td>0.160612</td>\n",
       "      <td>0.135880</td>\n",
       "      <td>0.097820</td>\n",
       "    </tr>\n",
       "    <tr>\n",
       "      <th>failures</th>\n",
       "      <td>0.243665</td>\n",
       "      <td>-0.236680</td>\n",
       "      <td>-0.250408</td>\n",
       "      <td>0.092239</td>\n",
       "      <td>-0.173563</td>\n",
       "      <td>1.000000</td>\n",
       "      <td>-0.044337</td>\n",
       "      <td>0.091987</td>\n",
       "      <td>0.124561</td>\n",
       "      <td>0.136047</td>\n",
       "      <td>0.141962</td>\n",
       "      <td>0.065827</td>\n",
       "      <td>0.063726</td>\n",
       "      <td>-0.354718</td>\n",
       "      <td>-0.355896</td>\n",
       "      <td>-0.360415</td>\n",
       "    </tr>\n",
       "    <tr>\n",
       "      <th>famrel</th>\n",
       "      <td>0.053940</td>\n",
       "      <td>-0.003914</td>\n",
       "      <td>-0.001370</td>\n",
       "      <td>-0.016808</td>\n",
       "      <td>0.039731</td>\n",
       "      <td>-0.044337</td>\n",
       "      <td>1.000000</td>\n",
       "      <td>0.150701</td>\n",
       "      <td>0.064568</td>\n",
       "      <td>-0.077594</td>\n",
       "      <td>-0.113397</td>\n",
       "      <td>0.094056</td>\n",
       "      <td>-0.044354</td>\n",
       "      <td>0.022168</td>\n",
       "      <td>-0.018281</td>\n",
       "      <td>0.051363</td>\n",
       "    </tr>\n",
       "    <tr>\n",
       "      <th>freetime</th>\n",
       "      <td>0.016434</td>\n",
       "      <td>0.030891</td>\n",
       "      <td>-0.012846</td>\n",
       "      <td>-0.017025</td>\n",
       "      <td>-0.143198</td>\n",
       "      <td>0.091987</td>\n",
       "      <td>0.150701</td>\n",
       "      <td>1.000000</td>\n",
       "      <td>0.285019</td>\n",
       "      <td>0.209001</td>\n",
       "      <td>0.147822</td>\n",
       "      <td>0.075733</td>\n",
       "      <td>-0.058078</td>\n",
       "      <td>0.012613</td>\n",
       "      <td>-0.013777</td>\n",
       "      <td>0.011307</td>\n",
       "    </tr>\n",
       "    <tr>\n",
       "      <th>goout</th>\n",
       "      <td>0.126964</td>\n",
       "      <td>0.064094</td>\n",
       "      <td>0.043105</td>\n",
       "      <td>0.028540</td>\n",
       "      <td>-0.063904</td>\n",
       "      <td>0.124561</td>\n",
       "      <td>0.064568</td>\n",
       "      <td>0.285019</td>\n",
       "      <td>1.000000</td>\n",
       "      <td>0.266994</td>\n",
       "      <td>0.420386</td>\n",
       "      <td>-0.009577</td>\n",
       "      <td>0.044302</td>\n",
       "      <td>-0.149104</td>\n",
       "      <td>-0.162250</td>\n",
       "      <td>-0.132791</td>\n",
       "    </tr>\n",
       "    <tr>\n",
       "      <th>Dalc</th>\n",
       "      <td>0.131125</td>\n",
       "      <td>0.019834</td>\n",
       "      <td>0.002386</td>\n",
       "      <td>0.138325</td>\n",
       "      <td>-0.196019</td>\n",
       "      <td>0.136047</td>\n",
       "      <td>-0.077594</td>\n",
       "      <td>0.209001</td>\n",
       "      <td>0.266994</td>\n",
       "      <td>1.000000</td>\n",
       "      <td>0.647544</td>\n",
       "      <td>0.077180</td>\n",
       "      <td>0.111908</td>\n",
       "      <td>-0.094159</td>\n",
       "      <td>-0.064120</td>\n",
       "      <td>-0.054660</td>\n",
       "    </tr>\n",
       "    <tr>\n",
       "      <th>Walc</th>\n",
       "      <td>0.117276</td>\n",
       "      <td>-0.047123</td>\n",
       "      <td>-0.012631</td>\n",
       "      <td>0.134116</td>\n",
       "      <td>-0.253785</td>\n",
       "      <td>0.141962</td>\n",
       "      <td>-0.113397</td>\n",
       "      <td>0.147822</td>\n",
       "      <td>0.420386</td>\n",
       "      <td>0.647544</td>\n",
       "      <td>1.000000</td>\n",
       "      <td>0.092476</td>\n",
       "      <td>0.136291</td>\n",
       "      <td>-0.126179</td>\n",
       "      <td>-0.084927</td>\n",
       "      <td>-0.051939</td>\n",
       "    </tr>\n",
       "    <tr>\n",
       "      <th>health</th>\n",
       "      <td>-0.062187</td>\n",
       "      <td>-0.046878</td>\n",
       "      <td>0.014742</td>\n",
       "      <td>0.007501</td>\n",
       "      <td>-0.075616</td>\n",
       "      <td>0.065827</td>\n",
       "      <td>0.094056</td>\n",
       "      <td>0.075733</td>\n",
       "      <td>-0.009577</td>\n",
       "      <td>0.077180</td>\n",
       "      <td>0.092476</td>\n",
       "      <td>1.000000</td>\n",
       "      <td>-0.029937</td>\n",
       "      <td>-0.073172</td>\n",
       "      <td>-0.097720</td>\n",
       "      <td>-0.061335</td>\n",
       "    </tr>\n",
       "    <tr>\n",
       "      <th>absences</th>\n",
       "      <td>0.175230</td>\n",
       "      <td>0.100285</td>\n",
       "      <td>0.024473</td>\n",
       "      <td>-0.012944</td>\n",
       "      <td>-0.062700</td>\n",
       "      <td>0.063726</td>\n",
       "      <td>-0.044354</td>\n",
       "      <td>-0.058078</td>\n",
       "      <td>0.044302</td>\n",
       "      <td>0.111908</td>\n",
       "      <td>0.136291</td>\n",
       "      <td>-0.029937</td>\n",
       "      <td>1.000000</td>\n",
       "      <td>-0.031003</td>\n",
       "      <td>-0.031777</td>\n",
       "      <td>0.034247</td>\n",
       "    </tr>\n",
       "    <tr>\n",
       "      <th>G1</th>\n",
       "      <td>-0.064081</td>\n",
       "      <td>0.205341</td>\n",
       "      <td>0.190270</td>\n",
       "      <td>-0.093040</td>\n",
       "      <td>0.160612</td>\n",
       "      <td>-0.354718</td>\n",
       "      <td>0.022168</td>\n",
       "      <td>0.012613</td>\n",
       "      <td>-0.149104</td>\n",
       "      <td>-0.094159</td>\n",
       "      <td>-0.126179</td>\n",
       "      <td>-0.073172</td>\n",
       "      <td>-0.031003</td>\n",
       "      <td>1.000000</td>\n",
       "      <td>0.852118</td>\n",
       "      <td>0.801468</td>\n",
       "    </tr>\n",
       "    <tr>\n",
       "      <th>G2</th>\n",
       "      <td>-0.143474</td>\n",
       "      <td>0.215527</td>\n",
       "      <td>0.164893</td>\n",
       "      <td>-0.153198</td>\n",
       "      <td>0.135880</td>\n",
       "      <td>-0.355896</td>\n",
       "      <td>-0.018281</td>\n",
       "      <td>-0.013777</td>\n",
       "      <td>-0.162250</td>\n",
       "      <td>-0.064120</td>\n",
       "      <td>-0.084927</td>\n",
       "      <td>-0.097720</td>\n",
       "      <td>-0.031777</td>\n",
       "      <td>0.852118</td>\n",
       "      <td>1.000000</td>\n",
       "      <td>0.904868</td>\n",
       "    </tr>\n",
       "    <tr>\n",
       "      <th>G3</th>\n",
       "      <td>-0.161579</td>\n",
       "      <td>0.217147</td>\n",
       "      <td>0.152457</td>\n",
       "      <td>-0.117142</td>\n",
       "      <td>0.097820</td>\n",
       "      <td>-0.360415</td>\n",
       "      <td>0.051363</td>\n",
       "      <td>0.011307</td>\n",
       "      <td>-0.132791</td>\n",
       "      <td>-0.054660</td>\n",
       "      <td>-0.051939</td>\n",
       "      <td>-0.061335</td>\n",
       "      <td>0.034247</td>\n",
       "      <td>0.801468</td>\n",
       "      <td>0.904868</td>\n",
       "      <td>1.000000</td>\n",
       "    </tr>\n",
       "  </tbody>\n",
       "</table>\n",
       "</div>"
      ],
      "text/plain": [
       "                 age      Medu      Fedu  traveltime  studytime  failures  \\\n",
       "age         1.000000 -0.163658 -0.163438    0.070641  -0.004140  0.243665   \n",
       "Medu       -0.163658  1.000000  0.623455   -0.171639   0.064944 -0.236680   \n",
       "Fedu       -0.163438  0.623455  1.000000   -0.158194  -0.009175 -0.250408   \n",
       "traveltime  0.070641 -0.171639 -0.158194    1.000000  -0.100909  0.092239   \n",
       "studytime  -0.004140  0.064944 -0.009175   -0.100909   1.000000 -0.173563   \n",
       "failures    0.243665 -0.236680 -0.250408    0.092239  -0.173563  1.000000   \n",
       "famrel      0.053940 -0.003914 -0.001370   -0.016808   0.039731 -0.044337   \n",
       "freetime    0.016434  0.030891 -0.012846   -0.017025  -0.143198  0.091987   \n",
       "goout       0.126964  0.064094  0.043105    0.028540  -0.063904  0.124561   \n",
       "Dalc        0.131125  0.019834  0.002386    0.138325  -0.196019  0.136047   \n",
       "Walc        0.117276 -0.047123 -0.012631    0.134116  -0.253785  0.141962   \n",
       "health     -0.062187 -0.046878  0.014742    0.007501  -0.075616  0.065827   \n",
       "absences    0.175230  0.100285  0.024473   -0.012944  -0.062700  0.063726   \n",
       "G1         -0.064081  0.205341  0.190270   -0.093040   0.160612 -0.354718   \n",
       "G2         -0.143474  0.215527  0.164893   -0.153198   0.135880 -0.355896   \n",
       "G3         -0.161579  0.217147  0.152457   -0.117142   0.097820 -0.360415   \n",
       "\n",
       "              famrel  freetime     goout      Dalc      Walc    health  \\\n",
       "age         0.053940  0.016434  0.126964  0.131125  0.117276 -0.062187   \n",
       "Medu       -0.003914  0.030891  0.064094  0.019834 -0.047123 -0.046878   \n",
       "Fedu       -0.001370 -0.012846  0.043105  0.002386 -0.012631  0.014742   \n",
       "traveltime -0.016808 -0.017025  0.028540  0.138325  0.134116  0.007501   \n",
       "studytime   0.039731 -0.143198 -0.063904 -0.196019 -0.253785 -0.075616   \n",
       "failures   -0.044337  0.091987  0.124561  0.136047  0.141962  0.065827   \n",
       "famrel      1.000000  0.150701  0.064568 -0.077594 -0.113397  0.094056   \n",
       "freetime    0.150701  1.000000  0.285019  0.209001  0.147822  0.075733   \n",
       "goout       0.064568  0.285019  1.000000  0.266994  0.420386 -0.009577   \n",
       "Dalc       -0.077594  0.209001  0.266994  1.000000  0.647544  0.077180   \n",
       "Walc       -0.113397  0.147822  0.420386  0.647544  1.000000  0.092476   \n",
       "health      0.094056  0.075733 -0.009577  0.077180  0.092476  1.000000   \n",
       "absences   -0.044354 -0.058078  0.044302  0.111908  0.136291 -0.029937   \n",
       "G1          0.022168  0.012613 -0.149104 -0.094159 -0.126179 -0.073172   \n",
       "G2         -0.018281 -0.013777 -0.162250 -0.064120 -0.084927 -0.097720   \n",
       "G3          0.051363  0.011307 -0.132791 -0.054660 -0.051939 -0.061335   \n",
       "\n",
       "            absences        G1        G2        G3  \n",
       "age         0.175230 -0.064081 -0.143474 -0.161579  \n",
       "Medu        0.100285  0.205341  0.215527  0.217147  \n",
       "Fedu        0.024473  0.190270  0.164893  0.152457  \n",
       "traveltime -0.012944 -0.093040 -0.153198 -0.117142  \n",
       "studytime  -0.062700  0.160612  0.135880  0.097820  \n",
       "failures    0.063726 -0.354718 -0.355896 -0.360415  \n",
       "famrel     -0.044354  0.022168 -0.018281  0.051363  \n",
       "freetime   -0.058078  0.012613 -0.013777  0.011307  \n",
       "goout       0.044302 -0.149104 -0.162250 -0.132791  \n",
       "Dalc        0.111908 -0.094159 -0.064120 -0.054660  \n",
       "Walc        0.136291 -0.126179 -0.084927 -0.051939  \n",
       "health     -0.029937 -0.073172 -0.097720 -0.061335  \n",
       "absences    1.000000 -0.031003 -0.031777  0.034247  \n",
       "G1         -0.031003  1.000000  0.852118  0.801468  \n",
       "G2         -0.031777  0.852118  1.000000  0.904868  \n",
       "G3          0.034247  0.801468  0.904868  1.000000  "
      ]
     },
     "execution_count": 8,
     "metadata": {},
     "output_type": "execute_result"
    }
   ],
   "source": [
    "data.corr()"
   ]
  },
  {
   "cell_type": "code",
   "execution_count": 9,
   "id": "c8bb82a6",
   "metadata": {},
   "outputs": [
    {
     "name": "stderr",
     "output_type": "stream",
     "text": [
      "C:\\Users\\Tuntu\\AppData\\Local\\Temp\\ipykernel_2896\\791956819.py:3: FutureWarning: In a future version of pandas all arguments of DataFrame.drop except for the argument 'labels' will be keyword-only.\n",
      "  x = np.array(data.drop([predict], 1))\n"
     ]
    }
   ],
   "source": [
    "data = data[[\"G1\", \"G2\", \"G3\", \"studytime\", \"failures\", \"absences\"]]\n",
    "predict = \"G3\"\n",
    "x = np.array(data.drop([predict], 1))\n",
    "y = np.array(data[predict])"
   ]
  },
  {
   "cell_type": "code",
   "execution_count": 12,
   "id": "20dfa4ee",
   "metadata": {},
   "outputs": [],
   "source": [
    "from sklearn.model_selection import train_test_split\n",
    "xtrain, xtest, ytrain, ytest = train_test_split(x, y, test_size=0.2)"
   ]
  },
  {
   "cell_type": "code",
   "execution_count": 15,
   "id": "5c8ecb1f",
   "metadata": {},
   "outputs": [],
   "source": [
    "linear_regression = LinearRegression()\n",
    "lr = linear_regression.fit(xtrain, ytrain)\n"
   ]
  },
  {
   "cell_type": "code",
   "execution_count": 16,
   "id": "cff265b3",
   "metadata": {},
   "outputs": [
    {
     "name": "stdout",
     "output_type": "stream",
     "text": [
      "0.8729155689112452\n"
     ]
    }
   ],
   "source": [
    "accuracy = lr.score(xtest, ytest)\n",
    "print(accuracy)"
   ]
  },
  {
   "cell_type": "code",
   "execution_count": 21,
   "id": "85722fa9",
   "metadata": {},
   "outputs": [
    {
     "ename": "ValueError",
     "evalue": "Classification metrics can't handle a mix of multiclass and continuous targets",
     "output_type": "error",
     "traceback": [
      "\u001b[1;31m---------------------------------------------------------------------------\u001b[0m",
      "\u001b[1;31mValueError\u001b[0m                                Traceback (most recent call last)",
      "Input \u001b[1;32mIn [21]\u001b[0m, in \u001b[0;36m<cell line: 4>\u001b[1;34m()\u001b[0m\n\u001b[0;32m      2\u001b[0m prediction\u001b[38;5;241m=\u001b[39mlr\u001b[38;5;241m.\u001b[39mpredict(xtest)\n\u001b[0;32m      3\u001b[0m prediction\n\u001b[1;32m----> 4\u001b[0m confusion_matrix\u001b[38;5;241m=\u001b[39m\u001b[43mconfusion_matrix\u001b[49m\u001b[43m(\u001b[49m\u001b[43mytest\u001b[49m\u001b[43m,\u001b[49m\u001b[43mprediction\u001b[49m\u001b[43m)\u001b[49m\n\u001b[0;32m      5\u001b[0m confusion_matrix\n",
      "File \u001b[1;32mc:\\users\\tuntu\\appdata\\local\\programs\\python\\python38\\lib\\site-packages\\sklearn\\metrics\\_classification.py:307\u001b[0m, in \u001b[0;36mconfusion_matrix\u001b[1;34m(y_true, y_pred, labels, sample_weight, normalize)\u001b[0m\n\u001b[0;32m    222\u001b[0m \u001b[38;5;28;01mdef\u001b[39;00m \u001b[38;5;21mconfusion_matrix\u001b[39m(\n\u001b[0;32m    223\u001b[0m     y_true, y_pred, \u001b[38;5;241m*\u001b[39m, labels\u001b[38;5;241m=\u001b[39m\u001b[38;5;28;01mNone\u001b[39;00m, sample_weight\u001b[38;5;241m=\u001b[39m\u001b[38;5;28;01mNone\u001b[39;00m, normalize\u001b[38;5;241m=\u001b[39m\u001b[38;5;28;01mNone\u001b[39;00m\n\u001b[0;32m    224\u001b[0m ):\n\u001b[0;32m    225\u001b[0m     \u001b[38;5;124;03m\"\"\"Compute confusion matrix to evaluate the accuracy of a classification.\u001b[39;00m\n\u001b[0;32m    226\u001b[0m \n\u001b[0;32m    227\u001b[0m \u001b[38;5;124;03m    By definition a confusion matrix :math:`C` is such that :math:`C_{i, j}`\u001b[39;00m\n\u001b[1;32m   (...)\u001b[0m\n\u001b[0;32m    305\u001b[0m \u001b[38;5;124;03m    (0, 2, 1, 1)\u001b[39;00m\n\u001b[0;32m    306\u001b[0m \u001b[38;5;124;03m    \"\"\"\u001b[39;00m\n\u001b[1;32m--> 307\u001b[0m     y_type, y_true, y_pred \u001b[38;5;241m=\u001b[39m \u001b[43m_check_targets\u001b[49m\u001b[43m(\u001b[49m\u001b[43my_true\u001b[49m\u001b[43m,\u001b[49m\u001b[43m \u001b[49m\u001b[43my_pred\u001b[49m\u001b[43m)\u001b[49m\n\u001b[0;32m    308\u001b[0m     \u001b[38;5;28;01mif\u001b[39;00m y_type \u001b[38;5;129;01mnot\u001b[39;00m \u001b[38;5;129;01min\u001b[39;00m (\u001b[38;5;124m\"\u001b[39m\u001b[38;5;124mbinary\u001b[39m\u001b[38;5;124m\"\u001b[39m, \u001b[38;5;124m\"\u001b[39m\u001b[38;5;124mmulticlass\u001b[39m\u001b[38;5;124m\"\u001b[39m):\n\u001b[0;32m    309\u001b[0m         \u001b[38;5;28;01mraise\u001b[39;00m \u001b[38;5;167;01mValueError\u001b[39;00m(\u001b[38;5;124m\"\u001b[39m\u001b[38;5;132;01m%s\u001b[39;00m\u001b[38;5;124m is not supported\u001b[39m\u001b[38;5;124m\"\u001b[39m \u001b[38;5;241m%\u001b[39m y_type)\n",
      "File \u001b[1;32mc:\\users\\tuntu\\appdata\\local\\programs\\python\\python38\\lib\\site-packages\\sklearn\\metrics\\_classification.py:93\u001b[0m, in \u001b[0;36m_check_targets\u001b[1;34m(y_true, y_pred)\u001b[0m\n\u001b[0;32m     90\u001b[0m     y_type \u001b[38;5;241m=\u001b[39m {\u001b[38;5;124m\"\u001b[39m\u001b[38;5;124mmulticlass\u001b[39m\u001b[38;5;124m\"\u001b[39m}\n\u001b[0;32m     92\u001b[0m \u001b[38;5;28;01mif\u001b[39;00m \u001b[38;5;28mlen\u001b[39m(y_type) \u001b[38;5;241m>\u001b[39m \u001b[38;5;241m1\u001b[39m:\n\u001b[1;32m---> 93\u001b[0m     \u001b[38;5;28;01mraise\u001b[39;00m \u001b[38;5;167;01mValueError\u001b[39;00m(\n\u001b[0;32m     94\u001b[0m         \u001b[38;5;124m\"\u001b[39m\u001b[38;5;124mClassification metrics can\u001b[39m\u001b[38;5;124m'\u001b[39m\u001b[38;5;124mt handle a mix of \u001b[39m\u001b[38;5;132;01m{0}\u001b[39;00m\u001b[38;5;124m and \u001b[39m\u001b[38;5;132;01m{1}\u001b[39;00m\u001b[38;5;124m targets\u001b[39m\u001b[38;5;124m\"\u001b[39m\u001b[38;5;241m.\u001b[39mformat(\n\u001b[0;32m     95\u001b[0m             type_true, type_pred\n\u001b[0;32m     96\u001b[0m         )\n\u001b[0;32m     97\u001b[0m     )\n\u001b[0;32m     99\u001b[0m \u001b[38;5;66;03m# We can't have more than one value on y_type => The set is no more needed\u001b[39;00m\n\u001b[0;32m    100\u001b[0m y_type \u001b[38;5;241m=\u001b[39m y_type\u001b[38;5;241m.\u001b[39mpop()\n",
      "\u001b[1;31mValueError\u001b[0m: Classification metrics can't handle a mix of multiclass and continuous targets"
     ]
    }
   ],
   "source": [
    "from sklearn.metrics import confusion_matrix\n",
    "prediction=lr.predict(xtest)\n",
    "prediction\n",
    "confusion_matrix=confusion_matrix(ytest,prediction)\n",
    "confusion_matrix"
   ]
  },
  {
   "cell_type": "code",
   "execution_count": null,
   "id": "56bd3d02",
   "metadata": {},
   "outputs": [],
   "source": []
  }
 ],
 "metadata": {
  "kernelspec": {
   "display_name": "Python 3 (ipykernel)",
   "language": "python",
   "name": "python3"
  },
  "language_info": {
   "codemirror_mode": {
    "name": "ipython",
    "version": 3
   },
   "file_extension": ".py",
   "mimetype": "text/x-python",
   "name": "python",
   "nbconvert_exporter": "python",
   "pygments_lexer": "ipython3",
   "version": "3.8.0"
  }
 },
 "nbformat": 4,
 "nbformat_minor": 5
}
